start=3023.333000
volume=120.000000
