start=2480.000000
volume=120.000000
