start=3513.593000
volume=80.000000
