start=2738.667000
volume=120.000000
