start=3394.500000
volume=102.000000
