start=2584.832000
volume=90.000000
