start=1735.860000
volume=120.000000
