start=2521.963000
volume=110.000000
