start=1403.278000
volume=120.000000
