start=1675.717000
volume=110.000000
