start=2578.243000
volume=120.000000
