start=7943.649000
volume=120.000000
sid=1
